0 37
1 35
2 49
3 21
4 64
5 17
6 32
7 24
8 28
9 53
10 980
11 84
12 22
13 47
14 20
15 16
16 15
17 5
18 44
19 38
20 14
21 990
22 12
23 52
24 7
25 10
26 50
27 69
28 39
29 88
30 92
31 33
32 6
33 31
34 98
35 959
36 67
37 0
38 19
39 59
40 79
41 119
42 62
43 112
44 18
45 48
46 58
47 13
48 45
49 1019
50 26
51 74
52 23
53 9
54 96
55 83
56 72
57 70
58 46
59 1011
60 68
61 121
62 42
63 110
64 986
65 132
66 85
67 36
68 60
69 27
70 57
71 133
72 56
73 107
74 51
75 89
76 81
77 111
78 86
79 40
80 105
81 76
82 131
83 55
84 11
85 66
86 78
87 155
88 29
89 75
90 97
91 100
92 30
93 120
94 117
95 114
96 54
97 90
98 34
99 161
100 91
101 171
102 118
103 126
104 136
105 80
106 113
107 73
108 115
109 149
110 63
111 77
112 43
113 106
114 95
115 108
116 158
117 94
118 102
119 41
120 93
121 61
122 137
123 201
124 130
125 151
126 103
127 187
128 165
129 173
130 124
131 82
132 65
133 71
134 163
135 170
136 104
137 122
138 178
139 168
140 145
141 188
142 198
143 229
144 182
145 140
146 162
147 160
148 199
149 109
150 191
151 125
152 172
153 183
154 176
155 87
156 195
157 167
158 116
159 180
160 147
161 99
162 146
163 134
164 206
165 128
166 192
167 157
168 139
169 186
170 135
171 101
172 152
173 129
174 220
175 204
176 154
177 242
178 138
179 202
180 159
181 203
182 144
183 153
184 261
185 221
186 169
187 127
188 141
189 219
190 213
191 150
192 166
193 241
194 215
195 156
196 279
197 208
198 142
199 148
200 277
201 123
202 179
203 181
204 175
205 227
206 164
207 252
208 197
209 231
210 230
211 274
212 276
213 190
214 243
215 194
216 235
217 224
218 236
219 189
220 174
221 185
222 237
223 285
224 217
225 249
226 254
227 205
228 260
229 143
230 210
231 209
232 251
233 245
234 256
235 216
236 218
237 222
238 244
239 290
240 297
241 193
242 177
243 214
244 238
245 233
246 268
247 264
248 265
249 225
250 282
251 232
252 207
253 263
254 226
255 273
256 234
257 299
258 275
259 329
260 228
261 184
262 340
263 253
264 247
265 248
266 272
267 281
268 246
269 379
270 289
271 291
272 266
273 255
274 211
275 258
276 212
277 200
278 309
279 196
280 304
281 267
282 250
283 313
284 315
285 223
286 324
287 294
288 305
289 270
290 239
291 271
292 314
293 316
294 287
295 333
296 307
297 240
298 343
299 257
300 346
301 349
302 323
303 310
304 280
305 288
306 322
307 296
308 326
309 278
310 303
311 321
312 338
313 283
314 292
315 284
316 293
317 325
318 320
319 337
320 318
321 311
322 306
323 302
324 286
325 317
326 308
327 352
328 339
329 259
330 342
331 415
332 355
333 295
334 364
335 341
336 367
337 319
338 312
339 328
340 262
341 335
342 330
343 298
344 357
345 383
346 300
347 358
348 386
349 301
350 382
351 413
352 327
353 396
354 372
355 332
356 431
357 344
358 347
359 373
360 399
361 406
362 395
363 376
364 334
365 384
366 453
367 336
368 452
369 390
370 391
371 404
372 354
373 359
374 397
375 411
376 363
377 407
378 408
379 269
380 428
381 392
382 350
383 345
384 365
385 414
386 348
387 409
388 416
389 419
390 369
391 370
392 381
393 434
394 403
395 362
396 353
397 374
398 426
399 360
400 454
401 420
402 427
403 394
404 371
405 477
406 361
407 377
408 378
409 387
410 455
411 375
412 424
413 351
414 385
415 331
416 388
417 473
418 469
419 389
420 401
421 444
422 470
423 435
424 412
425 433
426 398
427 402
428 380
429 471
430 445
431 356
432 462
433 425
434 393
435 423
436 472
437 451
438 519
439 457
440 509
441 458
442 484
443 448
444 421
445 430
446 468
447 479
448 443
449 467
450 481
451 437
452 368
453 366
454 400
455 410
456 464
457 439
458 441
459 475
460 483
461 492
462 432
463 499
464 456
465 490
466 526
467 449
468 446
469 418
470 422
471 429
472 436
473 417
474 507
475 459
476 480
477 405
478 505
479 447
480 476
481 450
482 501
483 460
484 442
485 500
486 518
487 498
488 503
489 497
490 465
491 506
492 461
493 510
494 530
495 540
496 534
497 489
498 487
499 463
500 485
501 482
502 536
503 488
504 515
505 478
506 491
507 474
508 517
509 440
510 493
511 514
512 557
513 544
514 511
515 504
516 566
517 508
518 486
519 438
520 559
521 561
522 543
523 546
524 581
525 538
526 466
527 553
528 548
529 552
530 494
531 568
532 591
533 547
534 496
535 563
536 502
537 550
538 525
539 545
540 495
541 583
542 569
543 522
544 513
545 539
546 523
547 533
548 528
549 576
550 537
551 562
552 529
553 527
554 560
555 575
556 565
557 512
558 598
559 520
560 554
561 521
562 551
563 535
564 582
565 556
566 516
567 585
568 531
569 542
570 579
571 603
572 627
573 592
574 595
575 555
576 549
577 639
578 596
579 570
580 613
581 524
582 564
583 541
584 594
585 567
586 619
587 593
588 617
589 599
590 597
591 532
592 573
593 587
594 584
595 574
596 578
597 590
598 558
599 589
600 677
601 645
602 630
603 571
604 620
605 636
606 610
607 650
608 651
609 671
610 606
611 634
612 644
613 580
614 635
615 642
616 631
617 588
618 625
619 586
620 604
621 665
622 674
623 682
624 726
625 618
626 670
627 572
628 641
629 679
630 602
631 616
632 687
633 647
634 611
635 614
636 605
637 695
638 666
639 577
640 685
641 628
642 615
643 702
644 612
645 601
646 689
647 633
648 678
649 658
650 607
651 608
652 694
653 672
654 657
655 684
656 693
657 654
658 649
659 705
660 724
661 698
662 730
663 700
664 676
665 621
666 638
667 716
668 675
669 707
670 626
671 609
672 653
673 688
674 622
675 668
676 664
677 600
678 648
679 629
680 718
681 697
682 623
683 711
684 655
685 640
686 756
687 632
688 673
689 646
690 801
691 709
692 732
693 656
694 652
695 637
696 750
697 681
698 661
699 710
700 663
701 712
702 643
703 715
704 742
705 659
706 723
707 669
708 752
709 691
710 699
711 683
712 701
713 738
714 740
715 703
716 667
717 734
718 680
719 773
720 814
721 808
722 760
723 706
724 660
725 754
726 624
727 739
728 743
729 767
730 662
731 771
732 692
733 787
734 717
735 765
736 757
737 786
738 713
739 727
740 714
741 761
742 704
743 728
744 796
745 762
746 763
747 798
748 770
749 802
750 696
751 769
752 708
753 780
754 725
755 818
756 686
757 736
758 778
759 891
760 722
761 741
762 745
763 746
764 777
765 735
766 859
767 729
768 794
769 751
770 748
771 731
772 819
773 719
774 800
775 785
776 799
777 764
778 758
779 791
780 753
781 809
782 795
783 870
784 806
785 775
786 737
787 733
788 811
789 843
790 822
791 779
792 810
793 803
794 768
795 782
796 744
797 804
798 747
799 776
800 774
801 690
802 749
803 793
804 797
805 852
806 784
807 824
808 721
809 781
810 792
811 788
812 848
813 816
814 720
815 817
816 813
817 815
818 755
819 772
820 839
821 872
822 790
823 853
824 807
825 849
826 855
827 838
828 834
829 847
830 845
831 884
832 854
833 885
834 828
835 856
836 886
837 877
838 827
839 820
840 873
841 858
842 894
843 789
844 871
845 830
846 908
847 829
848 812
849 825
850 866
851 902
852 805
853 823
854 832
855 826
856 835
857 903
858 841
859 766
860 868
861 875
862 879
863 867
864 889
865 918
866 850
867 863
868 860
869 907
870 783
871 844
872 821
873 840
874 895
875 861
876 984
877 837
878 919
879 862
880 900
881 917
882 929
883 913
884 831
885 833
886 836
887 935
888 940
889 864
890 931
891 759
892 910
893 921
894 842
895 874
896 922
897 915
898 948
899 923
900 880
901 930
902 851
903 857
904 1016
905 950
906 1020
907 869
908 846
909 946
910 892
911 1
912 981
913 883
914 932
915 897
916 934
917 881
918 865
919 878
920 968
921 893
922 896
923 899
924 967
925 1000
926 958
927 943
928 996
929 882
930 901
931 890
932 914
933 1008
934 916
935 887
936 1021
937 991
938 1012
939 975
940 888
941 955
942 976
943 927
944 937
945 992
946 909
947 965
948 898
949 942
950 905
951 925
952 1003
953 983
954 994
955 941
956 1017
957 964
958 926
959 3
960 1009
961 956
962 947
963 936
964 957
965 954
966 1018
967 924
968 920
969 1004
970 1013
971 945
972 995
973 997
974 1023
975 939
976 998
977 1022
978 1005
979 25
980 944
981 912
982 966
983 953
984 876
985 952
986 1007
987 993
988 8
989 938
990 949
991 928
992 1015
993 987
994 979
995 972
996 974
997 973
998 988
999 906
1000 951
1001 960
1002 1010
1003 961
1004 969
1005 978
1006 1014
1007 911
1008 933
1009 1001
1010 4
1011 971
1012 989
1013 970
1014 962
1015 1002
1016 904
1017 999
1018 982
1019 963
1020 985
1021 2
1022 977
1023 1006
